____
From \To A     B     C     D     E     F     G     H     I     J     K     L     M     N     O     P     Q     R     S     T     U     V     W     X     Y     Z     AA    AB    AC    AD    AE    AF    AG    AH    AI    AJ    AK    AL    AM    AN    AO    AP    AQ    AR    AS    AT    AU    AV    AW    AX    AY    AZ    BA    BB    BC    BD    BE    BF    BG    BH    BI    BJ    BK    BL    BM    BN    BO    BP    BQ    BR    BS    BT    BU    BV    BW    BX    BY    BZ    CA    CB    CC    CD    CE    CF    CG    CH    CI    CJ    CK    CL    CM    CN    CO    CP    CQ    CR    CS    CT    CU    CV    
    A    0     2180  2259  7614  3040  1577  9809  4969  2295  4856  863   3102  1020  7187  745   9151  7768  2501  5432  1149  7701  9193  9396  6581  1520  37    7588  8723  3931  6515  9041  1307  978   9267  8922  5850  6742  4294  511   4433  1891  9024  6691  951   7216  9346  2077  8644  2756  5672  9565  9269  8619  2534  3118  9762  776   6153  3939  6821  4778  6596  4100  2142  3537  9072  4222  9466  8164  8084  6090  1122  9983  9192  113   6898  5701  1581  9280  6678  8917  4364  2088  6826  7649  152   7822  9835  288   9589  5679  6715  4518  5425  9478  9319  7082  1995  7803  9819  
    B    2323  0     6882  2296  5938  3936  3817  6957  738   3187  7849  8973  7857  3139  2000  5950  5424  5100  4994  5221  8441  576   3641  1265  1352  6521  3125  3714  749   1816  3739  7283  134   6219  6522  7431  977   5009  8225  3943  3535  2908  7158  8925  8960  4436  3519  6870  1876  2628  9709  1146  7055  8333  5941  527   1541  6127  3740  9033  6694  5400  1474  9389  2966  1892  5432  9276  775   8     7822  3236  583   9745  1642  6373  1456  46    4989  8464  6141  7738  3685  2988  5183  3879  2864  5995  8774  3006  3194  9409  8805  5627  3283  3720  320   2038  1354  4245  
    C    4097  264   0     3481  3902  1655  5792  491   5582  6506  9110  3098  5935  7620  4791  9658  9759  85    7850  8165  9273  7636  7620  7419  4729  9662  7816  8464  7721  5824  1413  7792  5038  9762  6320  8852  8142  2788  4465  6919  4153  1673  3855  6813  6372  2828  2973  4553  3414  8136  4007  1134  7263  7908  9506  6954  205   5100  2184  7054  735   6328  9792  1552  5487  9191  7798  8538  4394  6317  5132  1777  2982  759   4801  2583  6786  1873  799   9204  6348  5423  7291  7420  1083  7156  7801  9186  5485  1910  7736  1171  3430  7703  9019  9710  1878  4101  1454  3026  
    D    8591  30    8612  0     6010  9947  9926  9107  1877  4144  5551  6345  3182  3163  7015  649   4103  8415  8100  1498  7163  3147  5413  2403  4869  5476  869   5512  3980  8669  4168  8555  5922  9236  7736  4912  6419  6422  4898  7633  5964  3709  5211  6670  4217  288   217   8993  4664  9068  4461  890   5278  2211  8358  4125  6373  4636  7607  7392  8959  5279  9154  4729  3835  1310  2377  2091  2281  4699  4011  9942  7626  5225  1295  8676  5191  6813  996   3493  582   1229  6094  5308  7626  7162  39    7269  8771  357   7556  6442  9369  4234  2662  6907  8027  8984  6696  2291  
    E    3551  3596  2298  5068  0     5120  4057  6687  2831  7519  3683  4913  2604  3503  1039  6815  3667  7536  5166  8684  2531  9635  8332  2298  2261  7882  9533  9112  3226  3047  9124  3714  9946  9135  8546  8470  3647  613   2563  8665  3819  3086  9085  5986  5810  4666  3683  2194  5161  5381  2516  8310  767   1061  9797  3744  4849  6430  4041  7831  6847  950   3075  9678  9541  7171  8770  7043  1270  6230  8895  4052  3356  2542  3976  4436  6771  2692  7445  4354  2425  527   7492  9943  5446  9636  8223  966   5902  1480  220   6430  4220  742   4363  4797  3452  2257  616   9235  
    F    5996  8095  4018  4143  9410  0     4630  408   4623  2649  683   1691  6940  4974  9347  9964  412   9573  9958  2786  802   2740  6464  5427  5150  1445  8214  7346  3413  9930  3841  6467  2566  6288  3529  9050  3293  9347  6639  6426  8150  3448  4253  5688  4720  7311  2436  1149  7327  4777  6717  6440  9235  2807  9495  871   9935  8095  1279  4162  4772  2454  7753  70    9979  5770  6455  1180  7062  6171  1862  3193  5066  2629  1401  2603  3721  5091  200   7865  7923  8521  8673  3281  2202  8338  3450  3599  9110  8727  6544  5294  6407  4770  6856  2623  8248  4192  6987  9151  
    G    2770  235   1709  2722  167   7692  0     4246  9642  4158  8540  2152  8010  9279  3349  821   2083  3792  6784  1720  3143  1887  178   8081  4898  6401  1110  6552  2025  306   4468  8172  3540  7264  8408  3699  81    2116  2241  975   6680  2890  6615  6256  9153  6168  5660  6048  2856  8610  3458  6902  1627  9159  4012  3686  861   5565  6256  7712  4112  2012  1984  2199  4272  4517  4635  2383  5770  540   1940  9691  7991  1580  5610  8846  6017  9773  7765  6100  7731  7738  1268  9104  1501  5163  5043  4919  6768  9237  3188  5647  8902  392   8001  5963  1996  2049  3039  2906  
    H    4881  7939  6201  2556  200   5631  2747  0     9630  9181  844   9424  1080  1540  4639  5964  7689  5881  3178  793   9171  6392  2651  9303  6883  8272  5138  8738  5804  2397  9086  2319  2711  7835  3229  5000  2624  6997  6784  6983  6520  1886  5184  4850  7196  3301  6029  5150  6320  2625  82    3174  2688  6926  725   3896  990   8318  8991  3417  3045  8717  4989  8937  8599  925   333   7096  3614  545   2777  4059  1684  8383  7782  104   3234  503   1618  8781  7109  4746  2490  8640  4349  7284  7573  8221  1223  8632  5393  16    6324  4221  3124  7273  9114  6437  9221  5898  
    I    5670  709   5050  7211  7698  8283  1538  7797  0     6488  8753  4722  1178  2693  6945  2264  4144  8751  4419  6026  1909  6013  3957  7970  1837  9335  1024  8573  3147  7915  1886  4311  3211  8498  5597  8924  7172  6559  38    434   5168  427   4887  672   8258  549   9668  4910  8238  9297  5381  1304  8566  9018  6744  5625  2351  4817  3540  6459  2816  543   9363  9573  1906  5229  7008  2271  6183  9616  6440  5915  7978  9861  7110  2090  2995  3162  2495  9721  2801  1131  9855  6629  8051  5204  4084  8465  5728  4272  139   9369  737   2217  2970  4342  1821  4911  7089  3253  
    J    3478  8874  7074  9103  2204  4296  3731  3312  4200  0     6763  2471  5074  8660  3853  5051  3475  7766  1416  9107  9349  5018  3476  1183  1911  252   5528  3851  6403  1060  7320  2360  6314  5629  1795  1857  6367  6802  2649  3225  8617  1887  2032  5631  751   5810  7895  7189  8130  867   7786  9122  4121  3157  7109  1563  424   5311  3872  5445  8864  7518  7818  8895  665   2096  5414  2719  583   3395  1455  1663  7670  9059  9099  581   668   9424  3074  9132  4302  6825  6478  6944  8396  4700  5133  1368  6490  6451  658   1406  1656  244   7158  1097  3841  6125  250   5289  
    K    832   5881  388   9384  3618  8438  9524  4327  6605  1378  0     483   5481  7213  5715  5884  7726  6189  9615  8144  6234  8794  6997  703   490   3663  3898  6431  1940  2341  1620  8349  7737  2120  1222  6417  6980  8259  6155  9677  9928  1678  6207  9709  7044  7701  2284  2435  4870  2785  921   4745  3374  2350  1693  4048  7809  2889  9444  3019  9622  703   1924  6332  8675  5174  7769  5708  4618  670   2980  201   6868  4974  5728  8233  2355  1282  6634  7195  6056  712   5093  9400  7306  9200  9888  1529  620   3795  7106  9839  1899  5608  4044  4172  8788  7448  8505  6482  
    L    1187  4032  9275  2268  2087  4409  4007  7655  8123  8229  1712  0     2591  8028  3048  6408  16    9289  689   5607  1756  5334  3981  5076  5387  1303  3734  6976  4002  1279  6082  3943  7079  884   9676  2173  7286  8782  4609  2693  5528  7053  855   2783  6096  1347  256   6245  1923  1067  1773  9871  1821  8113  7996  9069  9620  6318  2632  5970  451   8787  5194  7672  9831  2365  6969  3578  3394  9558  5169  5731  5739  8085  2199  9223  2423  7194  3314  5400  8238  731   4700  3287  6352  8659  841   1763  3370  6700  8467  7744  6606  9994  7972  5360  8710  4503  1834  1403  
    M    7440  5971  3506  9017  3773  8886  9638  2458  8610  7535  8172  2793  0     4304  6933  5293  7095  3667  4969  4308  2962  6911  1829  4679  9963  5773  7905  1861  5633  579   493   37    6034  2993  1384  3580  6377  4039  7366  8551  8355  3227  4032  5856  3334  952   5602  5600  1976  4712  1979  3406  9520  409   8775  2176  7326  9678  7801  2885  802   9834  3677  3433  2576  6732  5222  7878  7504  1289  1265  9812  1611  7240  8339  1296  3304  9763  478   4410  864   8278  4427  3975  9020  5976  6809  3851  4215  1660  8540  1753  4290  9686  1833  8925  8674  1379  689   3119  
    N    7749  6180  7051  9350  8291  2969  8714  7322  3005  2912  2542  1414  9022  0     5279  1181  9800  4909  906   6723  1257  5037  4044  5856  579   4089  5766  2465  4338  1929  7899  9324  2257  2074  3877  942   8209  3343  5892  6899  5844  2278  3452  3188  4692  2892  6054  8334  4931  6144  2943  8719  1568  1061  9246  9372  7607  8059  4829  162   6490  9559  8560  3174  4865  7901  9190  2391  2356  4925  4     3106  4855  2872  7178  2664  5781  3832  1506  5945  6703  9096  1493  2814  8723  5535  8070  3954  9775  4619  6425  4230  5174  367   5022  9490  3173  1661  5678  1341  
    O    9957  3328  4843  3947  1422  179   6994  4933  9762  9670  6577  823   50    5409  0     420   4637  1623  1202  8516  720   7709  1534  6292  7257  8099  6651  4381  5014  727   1692  3087  9505  3928  2886  9923  5286  2153  588   4807  3573  119   9755  2251  6898  1717  8050  9196  760   4029  6663  8788  9531  9870  8993  2184  3156  1054  4194  4323  5050  2649  3753  3346  6409  5093  5592  3328  1805  4462  5990  7658  4012  6809  5144  2409  8413  3345  9348  1697  7137  73    6602  2845  4680  5290  1564  4156  3842  6956  9280  848   4803  7023  8875  9182  4536  335   9414  3260  
    P    2194  7395  3276  1519  7353  6886  4204  4850  7887  8895  7310  9921  534   494   348   0     6299  972   8942  8648  9220  5904  7444  1904  5363  8133  613   4978  4335  5805  7211  5699  5943  2469  5158  8805  9567  6766  5725  1138  3165  9629  7899  4840  2141  9544  904   9106  6195  7386  6350  1422  3252  8905  8407  8636  6781  4564  6217  406   4589  8218  5893  5295  1508  411   5103  3344  2553  5470  9630  6110  1700  5046  1130  7288  6086  5659  7035  7638  9038  3874  1865  1798  932   1424  3441  9825  9111  2325  163   459   9916  6064  3229  6763  1623  6244  8116  6248  
    Q    679   6497  9227  4804  4744  9077  1848  3944  1126  3734  4261  300   2132  4574  2518  9566  0     3581  3578  1290  3886  3247  1235  8215  7678  9730  1394  8745  5047  1223  4469  7475  9066  915   6936  7672  297   1761  1656  863   7052  1642  3592  1035  4803  6483  7196  2366  9693  7717  4965  6387  5351  3069  5177  9685  3710  4960  9012  367   1431  7642  6649  1471  3047  7615  9004  2335  5287  4228  2728  532   388   9628  5475  9529  2931  9230  2844  5968  7431  8750  416   2648  3939  1113  4721  3866  461   8570  7913  5968  9     4486  1923  9732  1474  3386  6895  1657  
    R    3987  2700  86    6959  140   5466  7513  4528  6567  9615  1114  7376  7784  3195  8667  9586  4751  0     4464  3197  2856  4858  2536  3813  9267  7332  1827  5932  4944  8208  3866  3985  9641  5420  50    3518  6989  6695  1367  711   6473  7044  3798  3042  9987  2337  8261  2009  9368  3299  7836  5632  9863  6104  3807  6288  2349  6696  2538  4408  4493  7105  921   1318  8749  5376  6642  2750  4090  7179  4011  8480  1973  6043  4934  9980  2279  2029  3689  4296  8318  8676  4113  4325  796   7599  9502  1967  8571  6679  2020  8737  7019  2602  9084  6258  8771  6277  1204  263   
    S    7304  5266  5767  2348  4798  7502  2574  6497  3953  8280  5006  4426  306   7875  4935  6896  4242  5651  0     5299  9435  1653  7051  302   1098  7270  5775  2634  9212  6692  7401  9070  3589  3872  308   1864  7935  6425  8762  7493  7169  3677  3439  731   4850  9272  7290  2737  1818  7538  6713  5388  8168  4544  9252  1849  9445  3113  7995  3368  2910  8098  9859  1070  8035  3521  1138  2819  5269  5627  1189  6255  166   3259  3704  6839  8245  851   2321  7660  9707  3903  3888  7214  4847  3878  1035  9356  6613  561   4878  9632  7691  8641  8398  8310  3123  3146  9963  2588  
    T    2519  1797  9263  3668  2877  7320  44    7839  9932  3958  6672  3840  7112  8076  3777  9826  1323  4637  9774  0     6443  1382  7397  1239  8949  9622  1885  3026  4291  6289  7945  1390  3082  8471  3195  3598  9407  5640  3301  6622  7825  6509  3053  6242  2625  3545  6359  2587  6677  3764  2907  7836  696   234   7557  9095  6428  9994  1342  895   8635  9613  4437  1184  9047  7719  5202  6939  5371  7375  5504  912   9015  1547  5731  7985  7823  6745  7164  8447  6449  7600  2394  5413  2837  4117  1800  6371  4900  3324  8354  6787  3233  967   1878  6194  1103  3631  6080  9280  
    U    2320  9900  7624  5563  3280  837   8392  928   7130  4195  1019  1941  2174  1400  2055  6416  1648  5357  8566  5725  0     9511  9198  8284  4634  5140  4000  8112  1876  7631  4165  1579  7854  9437  7914  6470  5948  9339  5373  6287  1850  351   4291  9681  4316  7296  1912  94    8690  8540  4954  5154  891   5158  9335  8257  849   5618  9730  8926  8001  5551  3374  6765  4540  4808  6807  648   4281  1000  6472  8096  835   371   7246  9049  6301  8735  5051  6227  1215  1434  1038  7135  7433  6162  584   7943  7330  4395  8967  497   4422  2337  2799  3781  6487  1510  2969  6837  
    V    4724  2536  3746  9993  5660  9158  3297  8511  9224  9665  8472  6248  8614  4281  1754  969   3925  4495  8277  6005  480   0     6891  5923  7413  8804  1849  3537  1814  390   2332  1867  4165  5955  3910  8708  7363  7515  7     5742  1195  3449  3981  130   2294  2592  7423  3229  8867  28    3463  9823  9931  3956  6138  668   3476  7162  943   4977  1736  6667  4170  5500  6163  8040  6432  1047  2912  1822  6142  5640  9198  4531  4637  4685  8848  2135  5128  5293  9381  4618  4720  6795  9387  3767  8411  8608  8749  9771  64    365   1650  7481  7689  4570  5380  775   6490  2636  
    W    2366  3367  5899  1104  247   6404  4702  4502  2193  3179  1016  3404  7654  6738  1708  4429  4005  2337  5711  1409  404   3804  0     7119  50    5786  2238  6279  3168  5158  327   2761  9748  7054  6067  3723  7895  9528  3059  6270  92    6449  5707  5191  99    3007  5819  6307  2445  9974  1018  3156  608   1664  5103  897   602   769   8347  584   325   8040  9350  4958  7418  160   6966  6579  8026  5587  5829  8198  9180  8273  5757  7564  8641  7753  5534  1189  9544  826   8334  5936  241   9906  9010  2578  9737  1969  4362  8209  9139  1924  9750  4506  4286  7909  9547  7588  
    X    6772  3636  3124  8841  8873  2487  4451  566   9109  2294  3018  427   4483  1269  4124  7618  492   3539  7739  6466  76    1979  1439  0     9041  2947  5257  8235  5251  3840  9977  4658  1550  6433  2340  5119  6081  3532  2773  5385  5345  5544  8939  5771  6450  4679  7597  9146  8482  801   4732  5316  2224  4788  5111  7955  6851  6356  4052  7764  9097  2294  4916  6867  9855  8070  9902  4327  1140  817   9894  7206  9147  7361  4676  6680  2851  4891  4242  3501  3122  9419  7818  4599  6579  3435  6223  6714  4508  6137  535   3018  6448  3176  4731  1295  6707  79    7161  9285  
    Y    6681  6132  2513  4776  9651  3556  954   8716  704   576   9649  5940  3677  481   1003  7622  8795  9328  6119  3448  790   5320  5929  3295  0     1492  2971  7698  5287  1616  3753  5476  4723  5459  1519  9806  1472  3362  9776  6486  8061  5600  680   9340  2428  4311  5087  7093  3112  5701  2601  2742  37    6236  7356  3352  76    7481  9648  679   2921  5222  1127  7556  6378  7323  1792  7725  3667  1734  555   6161  3489  9661  6148  2483  5065  840   5269  1483  7872  5733  324   6985  890   3727  2778  9181  6142  4542  6704  8050  3596  2364  4189  2066  2231  8361  8085  1116  
    Z    9850  4194  346   8670  3404  2641  2884  7394  2726  959   675   1472  2349  7021  8760  1531  6847  7774  1128  9618  2850  1111  6107  1714  1286  0     1156  5747  3292  6231  7972  3615  3751  2003  676   6112  5746  2839  9085  6625  2855  1133  8848  7284  1689  9564  7060  4003  7364  5541  3066  8594  2871  9045  3378  7717  3562  3445  3204  873   4359  2072  9586  8914  4581  2246  5291  8891  7710  4335  6035  4172  8568  442   8855  1821  7081  2729  1965  7998  2292  2308  5796  8916  9339  7382  2598  7686  630   3596  3214  9379  8995  6002  1062  601   5660  340   4364  2326  
   AA    4621  6461  2309  9298  9829  357   1776  110   6887  4610  2135  2655  3745  5535  9552  5957  6172  3386  7161  177   7588  5322  2725  7814  3014  2613  0     4547  8735  8650  660   637   3524  7524  1787  1321  905   7038  3341  1079  533   3851  8795  1746  9686  2663  7006  1531  7722  7769  7493  3757  9211  5036  3259  9237  682   2138  1827  4303  7890  6709  5743  777   8059  8855  1783  7640  9907  3612  4578  6535  2447  6278  9279  1708  5705  9198  4531  1902  7599  4141  1132  3037  1818  2355  9364  2067  5120  747   509   7545  2127  6550  7624  2034  5820  605   3138  102   
   AB    2690  4437  4963  5202  965   8309  5354  631   1344  1718  1082  4002  4939  1981  3006  2431  311   7030  8421  6494  7580  3072  9091  1945  4472  7745  4916  0     7188  1311  8002  7948  4869  7206  3439  1122  6560  1775  9830  2176  4092  140   9586  4310  2034  7075  8648  9292  8632  1143  6649  3309  4082  2147  3668  2224  755   5061  3743  7905  4038  8062  7000  7807  7272  5459  1563  3778  5307  4656  4875  5262  1711  426   2808  1667  311   9812  8814  8205  7696  8686  6794  1980  7934  2900  3616  939   3559  6342  385   6457  2586  8333  9744  7426  2462  2040  6201  6453  
   AC    2770  3733  439   5930  1310  4703  7476  581   9295  2295  3760  3545  6933  6730  588   728   5512  2153  2341  4023  5805  3122  5138  2335  5850  5576  5237  7160  0     8752  4984  1280  817   9187  9762  277   7666  301   6029  5335  9266  5538  3140  5121  1650  2381  8120  7677  1004  9277  3079  7712  2616  7427  4069  2101  5268  2628  5303  2332  6887  906   122   3567  482   2485  8278  5697  4413  773   520   3823  8774  4880  7593  7287  4759  4047  3909  5643  9790  8660  6084  3322  2419  4520  9396  3585  9600  5811  1318  2614  6644  3079  82    1050  4024  4812  5886  9566  
   AD    7143  3663  8608  7933  2075  7957  8034  3885  1649  6244  2321  6064  8582  9767  3493  6701  8333  5681  1023  735   9258  2262  97    2902  1318  6544  9294  8919  6143  0     8341  415   3503  4879  76    5698  1380  2573  6937  2517  5363  1234  1699  6526  3741  64    4421  4020  9261  8314  9564  9150  5620  2500  8404  4137  4306  3628  6003  1750  2014  7668  9839  8354  2450  6621  7636  1751  482   2659  1676  3285  9197  111   3706  105   6505  5628  3870  6515  6193  6150  5706  5891  9441  8416  1507  899   2821  4768  5572  8009  2260  527   4702  3195  9921  3232  4079  7602  
   AE    9343  161   3550  6524  9417  5191  2532  9447  3460  1095  1083  34    9424  6295  6825  1508  9570  9815  8341  1342  6142  617   1299  8576  4152  8289  4270  1373  4787  1910  0     4592  7370  5363  2880  6940  2995  8836  1462  3873  3526  1699  6936  8497  9881  5529  655   8859  8389  1381  4716  2874  6490  1922  8118  5001  6700  1258  4065  8208  2787  9399  8553  6364  2171  8281  7510  6088  6567  9200  8877  5564  6290  560   5175  3831  1088  9385  7479  946   3953  1873  2132  5113  2401  576   5302  2366  1688  8521  7862  8251  7676  9932  8885  2437  1382  7465  6402  3224  
   AF    1982  7197  5311  2584  2819  1103  5460  7232  3079  1744  4440  4446  4410  427   7341  6558  7499  7629  3779  8933  3349  9204  4879  3139  7518  8902  9759  5986  9134  4162  181   0     321   615   5491  5626  3393  6200  9039  1736  5241  4438  5170  9475  6385  5004  1623  9731  4436  9816  9026  453   8178  5841  5326  1108  1223  3112  1240  7755  1357  5745  9706  2490  1164  7357  5720  3364  6967  3641  3482  3182  5528  9924  1096  2262  2819  8858  9049  8409  8831  144   5835  3576  2507  9390  1739  28    7294  4043  5900  7576  9180  8817  9223  4310  9466  7398  3008  3816  
   AG    3758  7715  8252  1376  8396  2046  8204  3339  8675  378   3005  6343  6132  4234  1281  2960  8634  9341  4090  5812  9507  5673  5344  7155  6049  2105  422   7965  3020  6794  2552  9190  0     6154  8134  6693  1887  7087  397   2024  718   8026  4225  5804  1462  1553  5171  796   9347  4503  8801  8661  7675  1675  7219  6463  7062  431   5765  6317  8756  723   605   1123  3933  1313  659   2231  9103  6024  3927  503   1182  257   9845  7501  2240  9398  5732  7665  8238  7963  4881  2272  6867  6843  7783  8378  2960  3640  890   8519  5028  673   4124  3255  1250  8650  4415  726   
   AH    5776  9397  3920  3825  8825  5803  5410  6755  3602  3691  5811  3864  8676  447   3035  4165  5733  2447  4110  2834  5514  9466  59    3129  5337  5517  3651  5661  6995  9048  7624  8660  9408  0     4903  8109  7891  3952  9695  7813  3682  7248  1780  5984  4390  2519  8701  7139  2571  9994  4679  5580  6962  1450  9304  3710  376   3376  6957  1214  4631  8222  4605  5451  3890  1756  7394  9506  7018  6818  1606  7710  224   3467  230   551   7065  4427  8433  2503  8422  5619  7708  9494  9918  7854  9585  5122  1510  1530  4355  227   3956  9887  566   4904  2095  9931  3449  9201  
   AI    5284  5758  7968  7787  7538  5955  649   5782  512   3887  8002  8234  8785  8107  1859  1079  4893  3624  5408  1047  800   1966  9014  8467  9773  3519  86    3133  547   3624  2318  8864  6349  8551  0     843   9734  3001  6502  8026  9059  2083  1636  6497  5690  6140  5993  8119  9082  5983  4535  5962  4051  7301  3779  5664  499   1700  4609  2685  1202  9677  8000  420   9156  2103  141   1669  2057  8024  451   7706  6200  2197  8565  4116  3819  5636  5409  2591  5037  6540  61    3495  8910  8800  3636  8805  777   3563  8034  5390  9841  5725  1100  2512  753   2461  4421  5560  
   AJ    9456  8068  8342  1151  7890  6470  2911  6694  6656  5146  8118  8300  9803  1142  247   6512  9655  7417  5999  403   6537  87    541   1477  8619  8051  7840  43    7608  2237  2625  2917  4690  4192  4725  0     4712  6589  6454  6658  1579  8829  9962  9455  6183  3989  6888  9123  7531  771   3674  7891  9877  8784  2633  8744  620   8130  7043  7726  8850  319   9732  7112  3776  300   3668  1545  9364  570   695   6091  3495  146   1651  5170  1442  5710  7357  1934  3042  3459  3999  6309  5497  5151  3197  5037  2753  7951  6758  1209  7228  335   8166  7832  8384  5499  3039  5800  
   AK    473   1939  9289  8383  7854  3558  5476  2900  69    7040  1977  8246  3408  7512  1624  3026  8692  8048  1953  2347  1319  6668  7838  7472  2011  2966  9996  8679  661   2761  2401  9700  7764  5477  2201  3921  0     5162  4299  3515  8227  4481  8841  3803  1528  2404  1958  4201  2576  1856  8194  6603  2228  6244  6488  5152  883   4350  5859  5657  507   676   3020  6577  8064  6613  2626  639   699   954   5215  3985  6030  8774  9991  4962  8371  3885  8601  545   471   7580  9113  3389  682   3133  7585  7983  2642  5063  9374  4185  3656  9865  5243  6021  1071  2689  798   7922  
   AL    9245  7968  2408  4968  2645  9881  6343  9945  1302  9707  6048  1923  3879  2015  6030  1837  3569  3020  4917  8128  5114  9462  4585  3947  1234  3875  3746  8066  2311  2057  9053  7874  1953  430   186   159   6032  0     1991  2771  7377  6805  118   7277  6367  640   2994  6833  8108  3992  2035  395   1386  3394  1668  913   293   3537  5696  659   2306  1584  8594  2480  4331  153   9188  9772  2608  4983  1772  4505  8319  1811  6218  5945  6319  7343  2792  2179  1186  7101  5446  2152  3690  1383  8446  8142  6690  2358  336   7020  2033  5913  24    8788  6325  7101  5574  3208  
   AM    3286  6358  8256  347   6478  5686  8136  9621  2539  954   6418  7456  986   4695  2727  5789  5760  8370  1124  8637  2657  7189  2964  7101  3013  6218  5053  8392  3510  9807  2460  1187  5117  2504  922   310   9245  2041  0     6971  9384  9775  2381  6371  9506  9586  6535  5388  4776  931   3621  2605  5662  7708  3998  9345  736   8791  3776  8370  329   5761  3069  4354  256   2949  3794  4377  7893  6189  6954  7855  1863  7825  6554  8018  4520  1359  5961  9356  1264  1713  1068  9020  974   1532  4745  46    5785  8332  6766  4366  2287  6260  3680  5174  8770  9938  4365  9556  
   AN    157   5873  1811  9583  7688  5485  3253  9535  360   3576  3909  1950  809   6134  5765  56    9743  170   6048  5129  2215  3396  5749  1010  5835  4432  9041  7136  4875  811   5705  7204  1883  9738  9580  4668  8971  4180  5380  0     8212  6783  8724  4468  9394  3188  896   4081  9715  1327  9292  4125  9226  5955  9741  4981  9429  2747  7416  8696  2189  5027  5181  3714  3993  1136  6694  5841  8560  7152  5407  961   8052  6871  562   5539  1200  2417  8894  9229  5331  2777  1232  2085  6862  2854  1995  8224  2161  4102  7105  9606  9201  9701  7841  7754  4819  2103  7021  9646  
   AO    30    1333  6870  5664  3160  2013  2796  6722  6926  578   4713  4946  1755  9456  5798  2807  7168  7100  1565  6712  5262  4649  6007  2246  8001  4707  9964  5336  6110  4139  9532  7485  4319  4013  4500  8856  201   3191  6188  8515  0     7056  8779  6708  3922  9767  3021  8314  6065  7490  6827  8008  1665  7706  7601  656   5902  2120  7873  1062  4258  6272  6110  8077  6774  8891  2042  2949  1982  6184  8961  5366  6337  5234  6784  3870  1441  9788  5275  6346  10    2789  94    5389  971   6684  3566  7972  7837  1756  1700  6385  5261  9342  9350  8126  1952  2557  3375  7042  
   AP    4258  8331  6622  4569  4475  3528  1041  5322  8889  4006  2616  7187  9105  110   2994  1149  2782  1020  2121  5005  935   293   1359  3716  9399  7805  548   6282  6457  4589  7636  8209  5625  43    259   2757  6135  6409  3603  480   1945  0     9549  4568  5612  9585  7067  2577  560   1903  2677  7387  4634  85    1751  8576  2185  8862  4274  1315  5670  8982  267   2995  6537  633   3728  550   2016  9901  5330  3147  33    9780  5278  1812  3759  2423  7697  1537  856   3222  1375  3815  6933  3911  8965  5492  752   8035  3309  8541  8647  966   4710  2918  6324  7053  6107  8065  
   AQ    9299  757   3918  956   9747  8090  9861  1213  2626  7726  8627  2176  415   9536  6966  6886  8163  3697  2553  5267  1212  6654  3656  1709  3744  2034  5362  3042  726   4864  2476  2917  5251  5012  6460  1001  6270  2110  5153  3069  5431  9239  0     1413  1771  2046  8366  2817  5556  4510  997   5090  6888  9499  2782  9762  4385  4691  2398  6323  4712  8897  4928  908   5660  9805  3156  9722  33    5587  6292  506   6401  2182  9932  3137  8753  3403  7850  4064  8914  5780  84    1110  9417  5721  1773  5096  5793  2632  7101  9001  2941  2576  249   6948  967   3839  6375  7845  
   AR    5072  7523  9801  7877  6799  5768  244   2575  3886  2368  9928  3756  336   9605  525   6283  6896  172   7164  7992  2741  3759  8832  6530  4005  7611  6252  3887  324   4933  9028  5780  1408  7917  3868  6794  9450  4620  7785  8243  638   6327  6911  0     8123  8235  646   7113  7063  4770  4691  6446  2160  8464  7556  5449  9167  4820  1834  1057  8016  8826  1420  201   8497  1938  1604  228   9254  1718  4872  5005  8113  354   8833  6309  7519  9651  456   9705  4367  2973  9217  5117  4368  1625  4138  7190  3832  2737  5628  5620  6775  8106  8895  912   9050  1266  2691  3313  
   AS    8924  8979  861   932   9638  3122  7028  6041  1778  7471  6350  6443  8331  731   3177  8908  1247  2155  6295  4217  6     365   167   6022  7378  3016  3228  8214  6243  4050  924   6087  9727  5260  56    9028  4688  8215  7967  2845  3325  3918  1176  167   0     8443  832   4799  9232  2081  33    5313  817   3865  5287  9247  2321  1969  9192  836   7014  5923  175   5398  6485  4347  2569  2319  2146  9553  8133  8562  5701  5122  9223  8504  4914  5077  4219  5900  499   2524  7622  7447  8481  9257  2408  5781  6     5850  2685  5343  1696  9040  550   2168  521   9996  1292  9847  
   AT    2395  4053  2232  3043  8679  3097  3246  3629  7826  9285  3592  9474  4016  5552  3016  1829  826   6883  484   8665  984   7586  7208  9271  4268  3611  8443  4802  768   1066  6940  5058  6582  3402  8839  6718  660   1734  2601  2452  2110  572   1555  8987  9280  0     4972  5684  574   4884  1931  5967  3622  2613  8937  295   5238  5562  1901  4757  9265  8730  1879  6471  8396  3898  5952  7714  6865  7305  7696  8440  1477  6431  8126  4973  449   1626  2788  3629  4265  7300  1412  8229  1130  2549  7389  7008  757   6917  5002  7306  1254  8935  4275  1989  6017  5841  7676  7529  
   AU    2842  4753  7109  7538  6376  8898  4626  8507  1839  1675  5259  6016  6004  1835  3292  1516  3497  9558  9065  8912  857   7991  1505  6912  7467  9696  759   1643  4441  8066  6559  2466  6687  8770  7231  9721  1006  6362  5856  3828  3457  9028  8302  9443  7902  9144  0     4232  5480  1513  8477  5753  6178  6001  2278  3188  772   2446  4303  8720  4370  3901  693   8952  621   8416  4216  3731  9755  9436  2011  8667  7178  7846  3027  6314  1170  2608  3376  9987  4746  4200  1999  6702  4503  2782  8413  742   3311  1282  4210  5029  3120  1493  5519  9965  267   7373  1507  8770  
   AV    6282  8570  4766  4779  7282  1562  189   9591  1044  1552  8797  8036  5474  9683  908   8631  7438  3720  137   2394  4032  3878  6396  415   8151  3235  8690  9770  9445  5025  7093  794   3829  2225  8610  2080  7276  778   5460  1148  5342  3700  9376  1174  4154  5201  76    0     8017  174   2642  3215  1970  1545  9018  1159  3383  6617  6044  8184  1786  3631  6843  8504  3165  3436  3423  8666  2594  2926  8612  5852  2225  8393  3886  1601  6893  1213  3340  6501  90    8705  4596  7986  7915  7953  5909  7012  6059  7824  1489  6276  1791  7448  7117  8895  3633  6952  1548  6326  
   AW    2850  8717  9691  9212  6675  8702  7914  3411  4302  7823  4039  4299  5275  1070  1835  2755  7049  3848  2691  5970  816   4651  490   8542  8982  6851  4869  1395  1607  2646  5784  8440  8712  7337  619   6201  4236  8410  186   325   9194  6049  6480  9592  25    4745  4005  2077  0     7408  1140  1337  5774  2017  7916  9641  3604  7204  3747  9586  8222  5169  6903  5850  2429  6172  7314  2644  9814  7321  7089  878   2516  769   7961  138   6547  7704  8312  3222  306   9135  2750  403   7618  4973  9282  7476  1415  8869  5945  540   6240  1251  9120  4218  4724  7192  3632  3696  
   AX    6521  1249  364   4628  1559  3312  8163  6072  4072  240   5494  6002  2875  6292  8374  5013  879   3515  8304  7734  1020  9783  2685  8313  3992  9570  4529  3812  1073  2886  4556  2569  9621  2878  5118  422   8142  9175  8007  5598  87    242   7432  1129  7414  6927  3689  414   7271  0     4998  8029  1677  2567  105   4228  456   5255  6375  7668  4984  9666  1364  2534  50    5372  9487  8212  852   742   1691  4964  7110  8075  435   566   391   9243  5007  6164  1759  3288  3053  4399  5031  391   7783  8743  7898  9675  4864  8346  4027  6543  3093  4189  5318  7250  8072  6718  
   AY    1287  277   7648  3447  4803  7711  6584  269   9373  4069  1989  4813  5696  3670  9364  5265  3772  9839  9922  29    6222  2421  2140  5087  8132  519   4000  1016  5869  1405  6720  3832  6975  4713  9     9931  7210  8601  5200  5512  9849  9389  733   8485  9697  6799  3268  6519  4143  9733  0     483   755   8156  6080  3778  4630  6949  3722  308   8858  9305  2289  8720  4459  1050  7966  3751  1356  1792  1784  6963  5091  1626  7790  7574  70    8428  3983  6374  4957  5921  6649  5790  7387  8487  8238  3256  6477  658   5618  8484  6555  2326  6067  6545  241   7536  8724  897   
   AZ    5627  5236  779   1938  6975  5501  1576  1799  6096  2627  5068  8036  390   805   8660  2723  5390  4799  3511  4413  1426  5306  3221  5233  1097  3986  9100  8511  9554  4734  6791  8838  9089  6397  2611  3696  5489  4467  5991  3801  6196  60    1749  297   5587  2733  1126  1123  5089  6051  5724  0     1403  1891  9013  5682  6549  9230  963   245   7149  9660  5781  2295  5379  1967  963   9691  905   9831  9271  8386  7651  7987  5762  7973  5232  4580  7998  8493  1317  1928  6292  6893  8744  1440  570   1558  9032  1581  6060  2373  1083  1471  5583  4285  8238  212   7118  6594  
   BA    5126  1791  4727  2802  4421  1153  5573  463   4441  2481  2417  4070  9861  7238  6445  7883  5378  4727  7734  2800  7289  5006  3371  9848  733   7856  1053  6919  2002  9691  2137  7360  6405  608   3733  1679  5273  2790  8292  4640  8357  318   5227  9899  8867  2383  7253  3726  3799  5199  2524  2027  0     2083  9988  1417  500   4226  3245  7718  6456  1208  5689  328   9647  1133  3067  2771  80    9397  4830  2489  9618  4431  1297  3402  4840  7828  6778  2553  9302  1618  597   7618  554   5646  1915  9624  6372  6514  8835  3569  9116  5463  8433  501   9371  8206  2375  5112  
   BB    7278  5599  9792  4658  4084  7125  5540  1578  4614  6436  4495  6147  6075  9688  8708  2843  6201  1686  2     5236  2092  7172  4900  4855  708   8386  3436  3982  420   4936  8376  9132  523   8611  7092  4349  1759  8057  1545  6133  4778  9321  3596  2898  2159  5004  1586  5204  1237  762   4628  3043  6298  0     9157  114   6933  7668  7420  6948  9808  4422  6946  1207  3284  5111  3289  6390  3032  3120  9365  571   8152  4283  4499  6000  182   33    1366  9890  5227  7325  1070  2365  3649  2276  3198  1130  8176  7042  2023  2956  5232  5012  622   1096  5514  4293  1829  2658  
   BC    9984  8832  8820  8693  807   8507  3894  7743  1854  3073  4179  323   4046  6397  7797  260   4333  5288  3545  3976  6906  3483  9321  6064  1930  2471  5162  7053  7267  4249  9508  793   3321  505   1591  7678  2964  8135  9693  9191  3161  9546  6334  7493  7180  9319  580   3349  2707  8764  2606  6195  5699  4849  0     2526  9534  9417  1890  4402  4022  6536  8231  3980  7526  3124  2512  7209  7641  6380  7398  1817  8224  9695  5195  3546  3755  7568  1160  6749  5732  690   5715  441   8683  7151  7795  475   4836  942   3813  7663  6593  6006  5895  7713  7856  6443  6551  7046  
   BD    9388  4025  3119  4474  3341  583   2494  8244  6595  6769  9013  345   8918  7700  2990  3818  6620  7410  5941  8763  12    5842  5616  5950  735   8851  6730  6196  889   8326  5396  7559  2260  7959  7037  9130  5187  568   7292  5147  6354  5231  772   536   5991  3756  9915  5380  3239  8898  2430  2737  885   434   8240  0     4158  7396  4663  8946  379   6962  2988  16    6916  713   4307  9859  8157  2574  1314  541   9286  8241  5010  5549  8255  1907  9257  4710  4602  6238  8176  239   6567  7738  9570  6754  3281  7379  9923  4767  2800  7834  7732  4478  4743  6130  4833  8775  
   BE    8967  1450  5537  7848  2750  6707  7289  173   9549  9702  7184  1787  6111  466   4759  8257  1693  5678  6442  2869  9617  8771  5782  9381  7192  2793  6319  2372  9611  9592  6984  6078  8970  8594  7342  2782  2172  3968  3142  6949  5338  7408  2051  4516  9858  7513  4552  4053  3535  9234  9732  303   8551  2917  2368  4697  0     3564  7551  4801  3830  9909  9098  9347  710   3975  4326  661   1701  8775  3829  3019  3999  4001  7927  7251  6831  432   1448  556   4930  1186  7793  1514  1460  3589  6113  5237  6464  4800  5523  413   8273  1351  1930  6119  7356  4913  1390  6345  
   BF    6729  472   1310  8959  6450  3320  4204  6463  9169  9515  7953  3838  9416  8021  6641  9580  6267  5859  6334  5956  9179  7436  6010  5132  56    6958  8094  7429  6353  6704  4842  1879  74    9364  9761  2818  556   2814  6555  1648  1400  3470  4850  2682  1480  8535  3026  1609  6590  7430  6374  7878  286   5542  2099  840   2350  0     6787  7241  4559  5109  3002  3333  3317  1768  7674  7866  6635  8544  7439  9056  7054  9743  8663  4851  4640  7113  7245  1015  1013  6861  9824  9715  9497  3737  5117  3321  4590  7093  7763  7534  8635  5033  8694  3781  6714  6004  7852  7008  
   BG    9939  7065  5581  95    1521  9700  4188  8220  6619  9586  6595  1540  8361  8758  7642  4492  9133  942   7829  3178  6491  520   3045  485   5889  8726  5071  9561  3859  5099  5929  3200  6772  3376  7369  6504  271   8283  5961  6672  8454  8830  5802  9988  1156  9925  2258  752   3972  8291  5377  401   1425  8294  6454  3     8336  284   0     8626  6710  3731  2477  8304  262   440   5263  480   7306  5778  1409  7583  6369  8715  4432  4485  767   5105  886   7740  5007  2553  4513  4447  253   9426  7591  7100  3471  1471  3139  536   2655  7593  8511  2553  9988  1231  8629  1040  
   BH    2321  3498  435   7513  7483  2128  1649  6639  9925  7199  5126  4828  4307  1585  9     1615  1820  7970  5429  1440  8340  254   6556  4894  9100  9905  6011  7635  943   5365  2236  2010  5610  4527  4956  4961  6487  8601  4504  4911  4208  5488  9494  1469  1691  7745  4965  6511  9586  7746  8093  2335  915   6748  698   5556  1430  4556  5731  0     7507  7033  7573  8707  3357  1955  693   8428  1598  5945  145   6428  521   1774  6233  5783  6210  8607  2893  1766  3211  6164  4533  9924  6531  8608  6738  5231  4149  4863  3903  1908  7784  2763  8845  6524  3446  3722  2319  4804  
   BI    3132  2518  4004  5565  6570  9759  7760  4470  1344  1612  338   773   2973  4206  4577  3744  5218  3717  4111  8824  3807  2979  4457  1210  1456  6541  2255  5891  9772  1721  5086  7771  6330  8918  420   215   8574  9439  6176  6453  415   922   6474  5556  247   2232  5772  2666  9744  3279  9786  1241  6495  6192  5883  221   9265  2367  7360  4908  0     5400  8802  2258  6016  8899  2843  4244  2218  9319  2602  3560  1939  3089  207   8307  3111  5698  3581  2008  7618  6963  3211  1776  871   1800  6596  5123  7427  3105  4360  2525  3486  1643  52    2640  9227  1697  33    9273  
   BJ    5496  5909  6663  242   5916  3120  8959  3641  8132  7154  2584  6444  1549  778   6861  2166  294   331   3845  6345  5328  748   1011  190   1023  2770  8101  5854  9189  7199  9104  7986  5159  4770  6522  5926  4119  1119  3712  8478  5958  9637  2809  965   5196  7633  5251  5880  4087  6019  6123  5670  1505  6231  3874  1157  4774  2546  1550  8027  8015  0     4561  6213  3970  9125  8514  9632  9158  7407  7849  9240  8466  6407  710   7886  8393  3862  4735  5946  5184  4928  2614  9060  8210  4927  2718  8666  8319  919   3436  1588  5646  1745  5164  9571  2518  7556  8097  9733  
   BK    1704  4471  4116  1408  2131  520   3653  2897  1135  6113  3267  9632  985   2678  4418  9269  1178  9664  2910  6317  8052  15    6355  2656  31    4284  9524  6088  1289  1225  4965  7061  3981  2921  5272  9556  576   2659  6014  9781  6663  2437  5687  1230  2417  1060  2577  1259  7925  9363  5377  6939  1467  4114  2628  1430  444   5994  4809  3841  7490  1558  0     3338  389   3701  5410  3035  810   2745  211   2069  6403  7958  4846  7486  7428  1613  1029  1494  2591  4758  7908  5336  4657  1273  6284  7644  9578  1563  4107  4507  8130  1733  6915  7344  8242  2633  1365  8135  
   BL    1356  5938  5308  2717  9278  150   5143  2889  4692  4280  3657  7985  4738  7466  7567  7273  2343  9679  7065  4548  7646  2650  7627  7464  3728  6697  4844  7369  496   9237  6727  169   5588  9462  6292  2521  5018  8754  6933  5946  3749  8829  9595  5623  1104  8352  604   4115  5855  5392  5877  4294  1375  8640  1771  2070  3485  4753  3927  1954  326   616   7133  0     7646  6047  6737  3361  7286  7199  8448  3860  1997  5134  603   1262  1329  2110  7219  773   1380  8545  3509  1666  8472  8250  4747  689   7102  4912  239   2814  6534  6105  8995  9618  1784  9363  8735  9024  
   BM    6897  8392  2943  5951  4287  4423  4253  8253  8919  3918  621   2752  9454  4347  7781  1434  5014  8673  5618  5689  1348  7665  7859  1418  6373  1177  5247  6200  944   8252  3473  4872  4447  9044  133   8503  2029  3680  5494  8729  6510  6334  3412  6573  3111  4724  7829  9540  656   6049  5920  2379  2636  7460  113   368   6829  4494  434   7895  2907  4140  3811  1093  0     4644  7901  1636  1012  3914  232   5305  1840  422   652   3919  8568  4035  153   4759  3650  3707  147   6455  5538  664   5320  2370  3258  4106  1261  421   9536  6854  9164  563   9722  589   219   8493  
   BN    26    4914  7928  5143  4318  7394  7782  9015  1711  7001  2170  9555  1187  4547  3548  5061  5299  536   782   9832  1710  7555  6384  2753  1253  9509  2794  2168  4164  3301  2632  436   4589  9997  7966  1304  2645  5886  2941  2798  1588  2951  827   2858  2381  2251  2613  2011  9930  4662  8457  2815  5804  3689  2030  9402  5108  6542  4352  6092  2207  7258  9396  7380  5883  0     4439  9892  1321  2646  1037  8412  3183  9975  3864  3390  7600  7203  3986  9169  6262  6660  5015  2110  4610  2794  4840  8133  1161  6509  924   5085  6388  8018  9022  2133  9408  2430  1264  131   
   BO    6893  2549  1412  5962  4778  1274  7258  9698  3504  7523  2744  3304  5060  8341  8045  2313  9796  820   7899  4613  6964  8446  3181  7048  2274  1658  5449  3185  2301  6112  5400  5173  7756  6464  2332  5987  9859  3389  3811  8624  9205  3396  3719  6810  2872  3011  9365  4756  1901  9460  9887  4169  2792  7475  2742  3161  79    5857  262   1607  9473  2111  555   4149  2782  9997  0     7243  1424  2289  1473  549   558   5617  6597  9578  7767  6430  2387  8693  2363  2198  5794  8566  6954  733   9160  2872  8696  3284  1255  4951  1529  8706  2444  2243  567   7211  6245  6911  
   BP    8600  254   5154  7508  3496  4698  6832  9391  5364  973   8296  7661  2772  5541  1631  7721  1856  1583  3736  6859  2109  1388  2479  2191  1538  6590  2316  6145  9591  4614  7119  3190  9298  7080  244   7945  8236  9668  8769  932   2474  6725  7254  286   7279  3670  4334  1404  4826  3920  1020  7606  9580  638   9079  9876  8590  8592  1915  768   9657  8539  87    4932  2904  361   3038  0     8413  3905  3126  7381  3753  725   5614  8440  8396  9606  4571  3410  5649  153   9553  808   4424  7761  6988  9493  8997  3992  5018  4164  6254  7036  8424  3863  6625  7371  5752  2688  
   BQ    160   1718  8500  6424  2     8961  8200  5488  2226  7597  2600  3425  732   7769  1649  4178  4518  3090  518   5261  2208  7848  9258  4744  826   8554  7193  7898  5909  2071  4994  5735  7283  7270  8409  5866  3403  7237  6144  353   2634  4471  7928  4763  7305  7158  3269  7260  109   3759  4946  5926  6992  3037  4817  5848  1348  1676  8922  8605  9726  7258  6763  1300  3136  7149  6998  4986  0     5275  3576  7041  1546  2030  8436  6460  2090  1908  8857  3072  2989  1783  3084  8408  3537  6947  1847  1269  6689  938   3342  6387  6869  9132  1367  2635  9707  9247  5838  6341  
   BR    1805  8930  9183  3893  7072  7460  5769  63    9706  7382  8924  901   6597  8263  1919  7655  187   1756  9161  1073  1074  4169  4882  2261  2762  5991  139   4063  696   9497  1979  3284  5394  2618  2376  587   1945  3396  2611  8412  3404  6863  2882  4689  1584  4625  5367  8318  9804  5749  6864  3636  334   6357  1616  8422  2835  2650  119   5497  8888  4824  8807  3105  6915  4181  9168  5044  2280  0     9243  9578  5276  223   9180  8330  2242  3573  542   8708  6462  1948  7335  5360  4318  3658  6924  9101  5283  7083  6016  8770  3090  7976  4534  4233  5564  5379  2581  9759  
   BS    4081  533   5981  1758  1444  1624  8911  4766  2473  9491  8923  334   9723  4310  3680  8595  7667  2500  8962  769   1531  6278  8842  2577  7688  5768  8058  822   2924  2271  3193  2188  5663  5068  8695  2676  2266  4357  9452  1858  9618  4025  1477  4917  2007  9225  2005  9024  8396  2503  7672  7719  7402  1336  2934  2895  9736  9376  3500  2726  7625  1947  3522  7227  7178  4977  9092  6560  2762  6382  0     2720  4064  3811  5093  1973  9758  4791  8414  6547  9120  2035  4141  2927  9487  1534  4052  8352  4797  9637  1620  7442  9082  9544  7087  1765  7812  6203  5073  2956  
   BT    6324  3614  4551  2909  1286  7164  3462  3703  6266  6964  2609  6770  6236  1944  7174  5807  743   4628  4379  8954  6622  2417  5767  7784  4337  169   6198  3786  5934  1804  9273  982   6784  8899  5512  8068  7622  3130  9003  5661  4702  9439  657   2035  3831  5078  3760  6885  9002  1936  7986  710   457   3761  622   1853  6419  4451  141   7651  2869  5542  7030  9732  3154  1450  4173  1204  7121  923   7390  0     576   4793  7389  926   3371  2531  2984  1960  8414  2237  8834  9997  5443  3655  7191  3098  2966  5934  1611  5364  8290  9289  6264  8823  7529  5719  9231  6443  
   BU    4881  2981  9817  2722  5432  9580  3302  7874  2333  7672  7814  6248  3519  2151  4772  6843  3095  5480  9612  9742  6446  1051  6125  8712  9968  9533  2848  561   483   4231  8171  3736  5409  309   9496  123   4447  4196  6353  2798  420   7784  7786  7374  9788  7446  401   1652  9917  2548  9463  470   1878  7391  4525  783   1383  1536  1414  6317  3403  6727  7647  1757  6074  1615  9379  9069  6691  5678  9876  6240  0     5785  3625  1741  7608  246   5268  1162  6740  5221  6166  4389  2775  4063  9367  6820  6388  4967  7691  2968  9420  3570  2123  2063  2873  9526  1662  1787  
   BV    4311  8083  5777  8464  8120  3509  8688  9759  7578  4837  1824  8846  2296  6602  8103  6262  5088  9316  3147  9089  3662  3862  719   9850  5440  8340  2031  318   31    41    4241  4587  9026  4620  8839  8199  1301  7967  7152  9297  8464  1852  6472  6236  9284  1474  1510  7114  244   8895  6405  8639  5938  7819  7576  5801  7076  5872  774   1259  3319  6505  6958  5814  790   5420  5695  2651  5021  8442  6800  2246  8232  0     9701  7073  9937  7773  7035  1709  3895  9990  9903  7279  7242  8086  702   7782  8492  6127  7408  1328  6098  9700  2904  5166  1284  161   8762  8183  
   BW    1453  5903  5967  3263  3588  843   6281  9525  1349  897   9307  9035  6208  5197  7413  9031  4759  2527  3935  4085  551   5380  2228  8356  5951  5316  4583  5451  3031  795   1655  2636  4067  2970  9842  17    291   3605  9504  9640  2724  459   9746  4484  209   2666  6675  7678  1697  8488  6846  6639  3870  7707  9676  2197  943   6290  2921  110   596   9211  2569  7742  1722  1350  1900  2203  8708  4467  6533  831   7839  3858  0     5257  5576  7978  3362  3469  8661  3241  2561  3944  6337  8135  8346  8926  7745  6368  8124  4182  3017  4520  4538  440   1900  7944  9021  6305  
   BX    2671  3545  7389  1722  1547  6793  2641  2125  3436  191   1322  7289  7016  4210  2436  1386  2070  50    6505  766   6683  6510  7322  3330  2038  8438  4271  5824  9974  2780  7036  3463  1801  9184  6832  6260  7822  5565  9867  1686  4877  1227  8855  8492  4594  5267  7132  406   3095  9119  2393  5817  29    3647  4381  287   5257  5348  4688  9826  3035  5210  4607  6835  1172  8438  2128  4928  684   1044  7081  3573  6600  4597  1368  0     8343  9014  8338  9051  3747  6014  30    5350  3394  5734  3100  7512  9366  7189  3482  1616  1406  7255  1351  9688  1721  5319  1634  5776  
   BY    8221  1906  78    3705  5813  9353  3972  8060  5680  9742  4576  7441  7000  5915  7362  3416  2602  4801  3105  5777  7199  316   7194  3314  6055  3868  8243  7691  1090  5591  1034  5073  964   4473  3788  8362  7475  5177  3242  7363  8305  1155  9788  6555  4866  1143  4590  9694  506   8128  2833  1526  5591  1808  2788  6995  4325  7070  2246  946   9833  8385  5997  32    2678  9077  6616  6280  1117  5480  8362  2120  6811  9760  7365  4856  0     5198  6569  5523  8037  8822  5104  9543  6657  1784  3194  7378  667   1527  2335  6271  9303  989   2337  118   5770  3012  2396  9923  
   BZ    4647  9392  3407  2724  151   4658  5145  6517  2025  6587  9917  8986  5241  9811  7776  4101  3546  6057  2790  7924  9370  6353  9593  6054  9445  4644  5865  588   6363  3101  2846  7949  3382  2979  7977  7422  4498  3955  5307  2476  5071  9629  7466  8640  5513  8681  2592  5128  6653  8686  4807  48    5154  5560  2311  8194  8487  1704  1201  5990  7093  5794  3246  7197  8636  1201  9497  4385  6855  69    8136  1798  6364  7685  235   8674  4812  0     2590  2572  752   4191  6301  4838  2675  6463  4014  8762  1210  4401  6913  2377  9382  7911  185   3178  4373  4966  3988  9141  
   CA    2956  1819  1328  9796  2684  1346  7566  8695  1805  5410  2337  3397  8500  389   6465  7761  1558  562   6375  8564  3163  6515  8191  7097  4246  2748  4530  4569  2567  6133  2441  4936  8298  3101  6212  1836  4591  8821  3329  6266  1351  7748  4762  7355  7644  6839  9556  7969  6724  2565  1483  6461  5555  4940  5746  5826  3998  1617  6750  9653  1954  2018  325   2466  494   1401  1865  1789  3944  3754  442   5558  6015  3454  9666  466   6752  7485  0     7778  123   4886  1030  1434  238   3976  1334  1721  1069  6635  1204  1691  9360  1964  8762  8216  7823  3686  1229  1346  
   CB    3817  2359  1214  9103  6221  3108  8951  6620  5515  8864  6590  8726  9276  2515  1217  2064  8458  9166  3571  3880  5242  2789  2730  633   1995  5848  7565  2311  8241  5821  5833  7423  8708  1916  7405  542   3790  9218  2347  8017  8728  8182  5164  8407  8874  6425  28    5872  6526  809   1139  2200  4295  1170  3737  4147  7774  3194  9902  650   4431  1608  7424  3300  9434  6451  6325  1300  2171  7309  9896  9538  6330  2180  2309  6093  9477  9296  3553  0     5539  1147  2516  7255  4664  9203  4168  3285  7810  4846  5806  3556  7921  8583  465   8929  3193  8865  7568  4327  
   CC    6842  584   2967  7439  342   2509  6043  7958  8728  571   5091  4935  6647  506   8907  4136  8060  4455  2510  3264  6064  252   6940  2547  7824  3602  4531  140   7250  9256  9876  3847  4869  8658  8391  4748  6227  5826  3102  2946  2165  8706  213   6097  3258  3593  3942  7006  862   4127  5037  7582  4775  6357  1566  6288  1547  7825  1874  5264  7502  7381  9318  8273  2954  4631  1467  7121  9726  3700  8288  8240  9893  9380  7701  6873  3958  4210  5995  2277  0     2707  2256  4340  4470  9334  9629  7697  8909  6528  5484  6100  1576  2962  4617  7869  5898  7771  9940  781   
   CD    4864  2778  6761  843   4869  7652  8563  7095  5930  4458  9945  4668  8899  5341  3979  8544  1584  5568  1703  5647  671   3645  8779  6212  4693  3501  3352  9637  4081  9184  9407  3831  9520  428   4072  5323  6886  4485  6740  1226  4513  3509  9389  8165  5258  9788  4416  3963  3504  9884  5597  589   1228  7306  7652  9320  3086  1878  3822  8135  2281  3165  8707  4655  7830  3854  964   679   3059  3218  9869  3418  3587  4006  7656  8336  8673  9894  3238  8299  9713  0     3512  8640  8     7113  1815  3680  1446  8942  5980  1459  9647  2989  9653  5404  5390  8022  6756  6621  
   CE    4915  5695  5636  8244  4350  2854  4771  6260  3764  7251  600   2186  4183  6410  3979  1392  5254  3297  2617  3637  989   7185  2909  7105  3299  4773  403   2505  7801  2983  6576  6809  8523  2609  4190  4151  3978  6583  2879  716   9014  9143  5038  1500  4982  2593  8218  509   6102  7147  9155  9129  965   8437  7022  9811  9271  8167  7168  8768  2269  3224  1639  7266  7853  8777  8606  9409  458   3886  3571  1922  2380  7123  6404  6089  4550  7214  3911  7312  9258  2885  0     9001  7843  2631  8039  2734  5616  783   8608  6682  107   3060  7270  2103  8206  5053  1665  7502  
   CF    3224  9523  4537  1626  4585  6108  5191  75    3574  9486  5132  7049  4256  9250  6638  2527  6815  4443  7549  4400  7630  3146  5768  9036  9886  1850  5257  6182  5827  2827  2053  9088  5499  414   6195  5552  6502  7914  4557  5908  1097  3298  6670  3670  2865  2175  5631  5730  5531  1316  1522  5767  6651  5734  4738  7294  1703  4401  575   6938  1918  9678  1690  3600  5677  951   4377  8660  3530  5880  38    7162  8028  2450  9785  7078  7794  1339  6516  3326  7105  374   2783  0     6769  7382  8767  6319  8319  615   2658  4898  8973  3270  6230  3465  8188  5847  8359  1382  
   CG    8873  3025  637   5228  4441  8493  7331  5216  7913  1823  8709  1039  5477  5088  9417  208   8789  3970  4140  9776  7066  3044  1341  2002  8679  2769  3338  2559  3808  4966  802   9904  2738  8850  3019  1522  147   2689  6019  1318  1041  7191  381   6860  6708  5355  9034  4069  4776  647   6652  2985  3027  9031  8973  6204  8496  651   6229  7841  1120  3596  1839  7807  3835  4209  2044  2844  8716  7390  4968  6040  8529  1607  9149  6389  9327  4044  9515  6905  5604  3954  4532  486   0     8209  4312  6891  8418  6861  3963  5155  1421  8640  5657  1897  9391  1171  9374  5515  
   CH    3299  2990  8246  9165  5434  6649  324   4852  2018  9242  9401  2373  8924  9684  5398  5855  7580  6129  3988  2526  4471  160   4149  3457  5352  442   9518  1523  4808  2139  4180  9378  905   4872  5060  6046  8384  6823  1519  6205  3645  3940  5945  9135  5417  7127  6559  3727  1310  5826  1763  5287  3178  9046  6937  6322  3819  160   4929  71    2104  7779  8895  7212  885   2781  656   1975  5176  4261  8122  1438  8687  3412  9931  9394  3015  5606  4021  1048  3117  5195  8910  2249  74    0     3538  7499  7965  6872  8472  2996  9173  3780  5991  7661  1025  8908  8012  5977  
   CI    2031  3140  2625  818   6604  6345  7895  7867  9268  4632  3306  326   7137  7019  9985  2119  5083  2606  7261  7323  6069  4856  2282  4827  2618  194   23    415   5328  5136  3727  6392  6589  5732  7     5039  8760  2902  4964  2150  5990  9935  9403  2525  5761  5146  2282  115   7773  634   7052  8794  1784  3490  8954  3110  7414  1653  1949  8920  2832  3625  8086  939   7045  8421  5230  8608  5028  6992  6729  3985  5201  3923  2574  1428  5296  4672  7044  7836  4658  5480  1889  7393  3943  4407  0     9651  9354  4276  4644  7978  8449  5342  3150  7418  8411  8250  633   4151  
   CJ    1363  3464  3528  8460  9087  1585  9997  5645  4147  2994  2431  1968  5969  7549  1827  3937  5145  5214  3872  977   2527  7203  8940  7065  4790  2231  4752  5388  4357  4352  4877  6818  5483  2578  2929  5350  1764  2874  466   9546  7717  197   821   1594  2863  7450  9095  5985  7748  3279  5148  6625  6016  5424  3052  8357  8437  9315  3073  8067  9879  3152  3590  3514  9297  8737  3577  7041  277   1805  9118  7501  8343  158   2443  4045  2228  6167  6905  1306  214   8496  6349  5179  2975  3402  9111  0     6387  2492  4348  875   2869  9652  963   2519  7559  2897  6567  5854  
   CK    7824  2306  5107  4768  3284  1031  9775  8966  8802  1293  5985  9831  4816  514   7779  1044  6506  150   556   3811  4273  5067  8077  2778  2096  7317  51    8818  8905  6306  3385  5556  7732  4389  7806  8333  1440  5259  124   4095  8941  6423  8733  3277  4628  5004  8985  7821  6930  3780  675   8486  6663  7407  686   9179  4962  91    9120  5533  7905  2785  3169  4088  438   962   139   6594  3794  8372  2427  3496  5087  392   970   7391  4234  8122  5889  7902  91    8148  3763  3869  4022  9283  906   1963  0     223   4943  759   1464  5961  6850  6105  8695  1765  5419  6346  
   CL    6178  7346  8590  7660  7517  204   211   6918  312   5210  9245  7114  8260  9133  7963  8171  2031  9117  5726  7036  5926  6799  2613  8719  8380  8205  8639  7144  8335  3356  7016  2520  5821  5766  4751  9621  5468  4965  6629  4217  9059  3270  5138  1538  1496  3701  3452  1040  6642  5285  3361  2440  6507  7878  9034  5276  4257  3158  7376  1384  2236  9665  77    3689  4411  491   7057  3789  9861  6157  6081  1853  5     7259  4852  3565  3953  1351  1968  5762  8544  7302  8436  3030  5836  3395  3757  4952  8195  0     7283  9688  8659  7389  8863  2207  4977  2765  4632  2121  
   CM    6713  5123  9151  4090  8291  909   7617  1466  3344  9293  843   3673  5689  6275  7169  3527  6789  4401  164   9532  1764  7944  6816  3472  7869  7243  7044  4618  2444  2388  1651  1094  3776  8244  364   632   6230  6604  4039  9924  8239  4917  8142  7446  245   9140  8810  1191  1942  4666  9044  2397  1294  175   2706  8001  322   8614  2874  3441  4345  4895  8489  7105  1086  7507  9073  2258  7602  2642  9518  7864  7597  9327  1883  8055  8121  9114  9702  9674  9524  1638  364   1856  3033  452   3717  8206  7083  684   0     1024  9908  5538  9417  7133  5440  7028  7409  2313  
   CN    1555  9733  7333  6558  6503  7221  25    3870  3698  3026  9539  6628  7858  334   7847  9227  5817  7157  7307  6013  2595  346   1625  6854  3616  9269  7489  5045  9479  9114  3959  3938  6958  9625  482   7862  826   7485  56    4636  3871  9251  9892  1618  431   7865  8885  9715  3234  3297  2634  1931  6931  7830  7204  8743  2928  4087  4174  1521  2949  4717  4428  7901  8427  4424  64    2842  7814  1560  4653  6400  650   2185  1778  1116  8656  3456  288   2790  4433  2753  7228  2818  524   8279  6366  6016  4089  6900  2770  0     3777  4978  8183  600   5526  2961  4124  197   
   CO    8741  9442  9473  9391  7981  5420  5549  7521  4164  1779  7179  2086  23    5663  8202  8716  5769  2482  7285  1083  401   7585  251   5010  4668  465   8351  7047  4348  640   3104  3392  8297  738   8686  3983  5821  4039  997   2463  5356  7201  9129  3994  7503  9478  3170  3991  3876  309   1580  5076  1100  9451  2013  5446  3493  6572  9866  6524  4578  9768  1885  4507  613   3701  9593  7798  9853  3982  7433  6656  6068  7671  2617  6528  1620  8704  6606  7591  7517  4282  8233  8225  8817  8021  7033  2416  8269  3245  517   3095  0     520   5598  8966  197   4335  2889  4949  
   CP    6566  1482  8708  21    6057  3329  3856  4556  6769  2842  1687  3054  1242  4870  1831  5263  780   5155  6850  7433  1959  2740  2302  510   7133  8692  1970  2950  4089  7163  8984  8779  8732  3183  8125  8409  484   9248  4606  7305  9746  591   9991  9572  8755  7732  1535  8429  6477  3285  4590  6672  1720  1163  8813  5965  1707  7456  10    8129  8159  8511  559   5229  76    5193  4361  9712  3973  5224  9646  5519  1693  7073  2452  3345  4812  4546  3095  3229  5197  8328  2783  5309  7765  150   8311  6427  3320  6758  74    445   8349  0     2738  3212  8295  4937  2377  9225  
   CQ    9194  870   3569  7658  1912  14    8367  1659  8636  8813  917   3767  6253  6265  3162  610   9088  99    9703  114   5617  2948  280   2672  3744  5785  624   2377  1999  7650  7279  3467  3797  2421  5938  5745  3904  9156  8622  1953  9326  9464  3236  4700  2041  2863  5499  5988  1253  8228  4422  2599  9613  3303  5353  3822  5318  1317  6543  9849  9187  8154  3417  2297  7902  5409  2310  3489  9366  2196  4167  5955  5320  8452  5555  533   9107  6467  1449  6198  2885  6824  5938  3591  7942  3298  9441  9065  714   5659  9976  5045  7992  8001  0     9023  2180  2011  7143  7565  
   CR    1595  9481  2193  9366  56    7936  315   6702  7855  2529  1754  1855  4197  7553  7572  6389  1975  4336  8465  8133  1755  1005  6334  8382  5421  8622  3089  706   3257  2337  1659  6949  2987  162   3364  5688  6134  7594  8080  9435  6853  1992  7392  834   3260  4575  5342  8829  6305  2034  8352  9574  5136  7581  9024  8305  6045  5557  5151  6057  9543  6439  5830  3805  5327  9148  5225  946   518   3761  6952  2964  6393  3823  4144  6799  9147  7243  2957  4942  453   7304  8017  4783  7024  413   7564  3662  5142  3935  5284  6717  7998  3316  3084  0     8736  7027  6266  9696  
   CS    5762  9228  1173  6483  5514  8779  2958  732   1881  8995  1505  2921  5171  710   2329  781   6332  866   8351  9220  8287  9651  8634  3587  6462  8126  5220  964   5462  6729  5731  8703  7054  7558  6671  4850  995   374   4875  2976  6731  9772  4822  8659  2040  6936  7655  7609  4983  1198  7131  6786  9343  8338  2587  8848  692   8858  3962  7177  4668  7157  7870  2556  8671  619   7355  9373  6383  5679  9020  8159  8730  1696  269   8828  4415  2482  7631  1525  8108  6471  9286  6722  3891  6741  7609  5054  1513  5420  5745  2758  6581  1531  1824  9732  0     2245  6807  6018  
   CT    2128  6226  9346  5072  3058  2716  6514  9926  8466  3791  7605  8059  1171  9742  491   7326  4704  5466  4598  3417  8451  5488  7880  7206  9549  6393  7432  725   3204  330   3896  5166  9028  6655  9340  1751  3032  6163  9239  8233  1395  8520  3587  4250  2498  1346  7178  7528  2149  9565  6450  784   4198  8700  8856  2246  6112  9933  8486  4375  2293  3122  4550  8939  3982  4550  4570  3426  3672  9834  1306  8713  3101  9002  9137  7653  4236  8270  9866  2448  3985  4396  6774  2520  3281  5242  5934  6230  5067  6213  3980  6674  1026  2755  5471  8222  7237  0     6969  848   
   CU    2681  8708  4049  8189  4969  6073  5900  6711  1708  6252  1346  3443  7146  630   1523  6028  5310  556   6617  5107  4551  9970  9432  3191  4549  6801  9144  1358  4555  5682  5329  8985  8685  7021  4293  8593  4394  9849  4926  618   5236  2581  8059  7185  7481  9065  9756  3954  4836  8813  5498  7041  1716  4626  4470  5350  5793  811   8208  527   8831  8771  1217  9452  7562  2300  4914  9053  1012  5460  9834  6664  2582  7958  592   7192  5706  2813  991   3747  4507  911   2507  868   4739  3669  9660  3799  5599  6145  311   8390  2127  1415  6597  8316  7301  4532  0     6115  
   CV    1726  843   6769  1054  5272  4825  9056  1859  3189  66    3630  4566  4975  371   9768  4410  314   7361  7024  9262  9455  9249  4698  6149  1964  7099  9753  6835  1972  7766  4382  8419  4693  6301  8459  3635  277   8521  9587  9454  2090  5738  38    2951  698   3358  2647  6355  8363  77    822   2319  5177  8562  538   7231  7813  1292  8593  1859  3882  7351  8304  6865  9019  1270  8165  5396  7250  6010  2797  3765  7709  4464  9851  7247  1629  7980  4560  5066  7979  9320  6504  664   2824  7588  1593  1871  931   7538  8435  6337  8222  5856  7386  453   5537  3224  3581  0     
